# Model Metadata
input_dim: 2
hidden_layers: [55, 35, 20]
output_dim: 1
activations: ['tanh', 'sigmoid', 'sigmoid', 'linear']
biases: [True, True, True, True]
weight_init: random
learning_rate: 0.003287831597421008
momentum: 0.7
loss_function: mse
huber_delta: 1.5
lr_decay_rate: 0.985

# Weights
# Layer 0 weights: shape (55, 3)
-2.135773955600557272e-01 1.248935258463236275e+00 -1.633026802286714263e+00
-1.016114667212781653e+00 -1.954759657597335165e+00 2.368943857364601779e+00
-2.311964560080240982e+00 -2.217333726642911618e+00 2.936425656139769469e+00
1.663963996194682549e-01 -3.912452898309509930e+00 3.447084880080118485e-01
3.561073282785130800e+00 -2.880479184521059111e+00 -3.595374351369131083e-01
-3.539107525662923415e-01 1.404348215749135376e+00 -2.013468178701289357e+00
-2.332606695662749807e+00 -1.898650049666410933e+00 -1.615082312255129215e+00
-4.888714766359982811e-01 -1.691914202675823153e+00 -1.192023461189466449e+00
-9.361942553369584363e-03 9.771111855166797477e-02 1.165216101182146025e+00
4.129414747297196264e+00 4.964744467198066724e-01 -4.187790125326967150e+00
-9.176782847526744336e-01 2.451247693430046226e+00 2.319850227160760170e+00
-4.433109334019678549e+00 -5.672317015668402185e-01 -2.535557801768700159e+00
5.994173023970303937e-01 -4.953955069456593696e-01 2.135055048324602911e+00
-1.251929789370018753e+00 3.903801573190054164e+00 2.580152323779279389e+00
1.462522712084245669e+00 -7.497514585119411379e-01 3.617539066093687250e+00
-2.742632486884016174e+00 2.833899900012629924e+00 -2.985494091983545761e+00
3.172132154678714677e+00 1.615986049813382744e-02 -1.984515806340955368e+00
2.917251802857402598e+00 6.922185980676347494e-01 1.429048277854161109e+00
-1.622886345948243214e+00 -6.040322459649598574e-01 1.665094057200106059e+00
5.968609952260942597e-01 2.687539013425639389e+00 7.684708679657801245e-01
-2.700506720189245868e+00 2.245934090963659813e+00 -2.112841408201752980e-01
-2.942455735061849875e+00 6.175929672105846535e-01 -2.756750477954087675e+00
2.460308568802608953e+00 1.587767600695304093e+00 2.001688760471700856e+00
-3.546379363091359593e+00 -1.804586596036314161e-01 1.854798464799466640e+00
2.868548343588581684e+00 6.690346838005136743e-01 -3.737634804618441997e+00
1.578770388861006513e+00 3.334564541205125909e+00 1.235525916017991666e+00
-2.210494703715432108e-01 1.766884179477813621e+00 -2.153177066466066769e+00
1.310948591723850309e-01 -1.715731320086930856e+00 2.244399269041482903e+00
-3.725444674622764851e-01 -9.575394503652291389e-01 1.415551208269838490e+00
-2.254211185612286172e+00 -4.255133001278961657e+00 1.829880578862712381e+00
-2.280857344510509144e+00 -2.111571107733399288e-01 -1.490510482921555191e+00
1.217919426942957184e+00 -1.257079960111576300e+00 9.363695239900865497e-01
1.384703791348912638e+00 3.664387297855235648e+00 7.222303102601730640e-02
8.228923720251509755e-01 1.368509676059923796e+00 -1.131237953459007795e+00
2.046760932026452928e-01 3.094491691979971648e+00 1.847628098654736373e-01
1.985126784740198769e+00 -4.003449627569181102e-01 -2.064950212194533563e+00
3.016272149234284328e+00 1.471447375168401628e+00 1.329008086613968409e+00
-2.357211663870955876e-01 -2.763772162128886323e-01 -9.700673526663574631e-01
1.989815163479856208e+00 1.199140371866409760e+00 2.216684860981696481e+00
1.937938696649116332e+00 1.742550822226631935e+00 1.710821971162285626e+00
1.373123211443209257e+00 -1.078913318069029792e+00 2.866227772553875841e+00
3.246060680349053040e+00 -2.104346921191191377e+00 -2.640217728176910139e+00
-3.261205462830174984e+00 3.144217998259000169e-01 1.505259332267539829e+00
-1.704219017555179683e+00 1.834825500681739774e+00 2.134062861215605622e+00
2.523395316257033283e+00 1.108246134311253739e+00 9.735011264034291179e-01
-4.209684203876125075e+00 1.369825448729155681e+00 3.060413444941078587e-01
-1.619145468004366650e+00 -4.438914388298714209e-01 -1.820202081799596305e+00
-3.643505873275660889e+00 -1.227361386977154689e+00 6.985152681530288898e-01
-2.096019451251039722e+00 -1.637923094202556440e+00 -6.536297033710480875e-01
2.415009556649292843e+00 2.179029894716923099e+00 1.230249589060417481e+00
-3.198630185503759105e+00 -5.632623221045315876e-02 7.290965315536861446e-01
3.076240195552531809e+00 -2.549783236263535535e+00 -1.405003093430246208e+00
4.010503537951578545e-01 1.716656113177660536e+00 -5.634476242620306552e-01
2.564894483250919621e-01 -1.213908749101772155e+00 -2.494427082599357082e+00
-1.546512752333066620e+00 -1.273342403390821831e+00 1.379404149612639019e+00

# Layer 1 weights: shape (35, 56)
4.095418637429364406e-01 2.473989712620944914e+00 -6.644387040281078960e-01 -9.014516268871451965e-01 -4.551528442845751421e-01 -3.820972407327500320e-01 -7.722609466259160449e-01 7.640753168640036785e-02 1.952548071088961168e-01 -1.668975176500112623e+00 -9.698100308892187993e-01 2.712666128538384402e+00 1.258189994463587480e+00 1.959641615409545512e+00 1.124142795665319827e+00 -2.428801630407397827e-01 1.693362338824220714e+00 -1.415572528471196634e+00 1.297616980361779415e+00 2.835660258625956054e-01 6.973395465452548736e-01 2.588456564986890140e-01 3.934491945290466974e-01 -7.558572606766813529e-01 2.146743091493389100e-01 9.387884007453292101e-01 6.589114954594201823e-01 2.852547829188331052e-01 1.221457672006211886e-01 -5.734263849311705963e-01 1.318966445101913854e+00 1.664515424612473815e+00 -3.084868586132222257e-01 4.354095531743266689e-01 6.367826053425525989e-01 2.288271791668967658e+00 -1.612534477750631634e+00 -2.164710311435810441e-01 -9.860203620890128917e-03 -1.261320046635450831e+00 8.821378354058477811e-01 2.345269265048392171e+00 1.067698148799130609e+00 4.954583217634421499e-02 -1.565988364813693592e-02 8.592434535767751180e-01 1.131761418340260894e+00 7.533442863549975055e-01 6.855849734803854956e-01 -9.670826800625185182e-01 6.856804381702847895e-01 1.534926186300405782e+00 6.353090112847857851e-01 -1.644723473893138221e-01 8.546241336553715706e-02 1.190417930018582648e+00
1.545867196244732122e+00 3.003063550141820692e-01 -1.400932010907087522e+00 -2.391386822826322422e-01 -7.815105333954395217e-01 -9.302149317447063748e-01 1.609302538057644449e+00 -7.405082341634023901e-01 9.017647869144530537e-01 -1.268008448996249315e+00 1.618082000468550330e+00 1.350421702027190030e+00 2.419031926222289797e-01 9.350075803299592314e-01 -5.440647723811973258e-01 -2.512139251152404107e+00 -3.625732413924690478e-01 1.041536410912230037e+00 -4.455445476268315996e-01 9.259766281339494309e-01 -9.357196145807863408e-01 8.140185422861361264e-01 1.498541126736319118e-01 -2.673939751324080905e-01 -2.364758475866158616e+00 -9.922202605879578696e-01 -1.467962075400951028e+00 5.276562951572486559e-01 1.275738575555656729e+00 2.364900698371070753e+00 -5.733827482340868587e-01 8.922516054174775002e-01 1.645996757352612416e+00 -1.407655242102550552e+00 -5.875584029517823270e-02 -4.809994366822231138e-01 -5.402746862120362259e-01 5.608938068685705991e-01 -1.088393889335329406e-01 -8.643052157206382313e-01 -7.814038563327758702e-01 9.509479306535530974e-01 -2.210729308433232010e+00 2.417435069148094140e+00 -1.761588934276011598e+00 -1.339093323201096863e+00 -1.570538768789362938e-01 -3.499669141385893800e-01 1.636518355144442882e+00 -6.161939307463253357e-01 5.776947239572587378e-01 4.563744831482386410e-01 -1.261196348319336913e+00 -3.597097431155567016e-01 -1.499517363025350880e+00 -2.613833656876743405e-01
1.039065968720509714e+00 7.620291802475980258e-01 -1.164606747160945366e+00 -3.512334538198887968e-01 -2.304411674988097458e-01 1.588297298999143070e+00 -6.436896294164988763e-01 -5.191749255050923662e-01 -1.498885323541676140e+00 -2.590728078474998086e-01 -3.162953191009847398e-01 -2.208974855624760703e-01 -1.947187235332667798e+00 1.527532252085509912e+00 -3.737528036325630243e-01 -2.338375662152939238e+00 -1.718063629524911207e+00 1.204165741338262041e+00 8.785019389306202298e-01 -3.905164750166685295e-01 2.593315350813214959e+00 -5.183925561228936996e-01 6.341459781068554680e-01 -1.858322979336199943e-01 2.080289714617244989e+00 -7.661561461348654900e-01 -4.471045030626020211e-01 2.865866804708045446e-01 7.340264465046808517e-01 -2.366295428016839120e-01 -7.833660356963555449e-01 -2.914081981474979655e-01 -9.783720290987901747e-01 -2.291268316221569012e+00 6.792017419996473349e-01 -4.036208642624939530e-02 -6.531172049637602450e-01 -4.644924983287840314e-01 -1.731860363504977185e+00 -9.073851546549914771e-01 -7.256314855611145642e-01 -6.108085286679277859e-01 -2.107802986351706986e-01 8.920267535001179249e-02 2.928257443036523175e-02 1.671594716107694500e+00 1.491628307260581154e+00 -2.055125995292568231e+00 -1.475224836204840129e+00 -6.430054993759229953e-01 -1.702665500854031011e+00 7.230059335425733646e-01 -2.450107466450231891e-02 8.756232499424564386e-01 -1.643987287315732182e+00 -6.354198279118542514e-01
-3.140711020775504569e-01 6.269564669371973098e-01 -3.416347901913849294e-02 -2.001854455256748100e+00 3.737929222481687908e-01 3.172332708265491741e-01 2.347766125087319133e-01 1.128534692518174731e+00 -1.193484491524817948e+00 -1.681194879308690826e+00 2.050744584777801915e-01 -2.292396569381839999e+00 -2.576578969112206519e+00 1.603441365464354895e+00 4.352899183498356583e-01 -2.109649366519702252e+00 6.376185044381365019e-01 1.872261164966042779e+00 1.174124151705213004e+00 5.701809304944881474e-01 -3.279177636442306282e-02 -1.105303603337910667e+00 -1.798323241854897558e+00 1.518821309626308347e+00 -2.990347024250687102e+00 -2.923900745889320141e-01 -6.682115978596295802e-01 7.148772834387195907e-01 -5.686382748979152968e-01 9.581357211624462744e-01 -1.533439054431523729e+00 -4.445910751690466123e-01 -7.194472860079490495e-01 4.289934143091911900e-01 1.600201343994729630e-01 -1.871482195895655343e+00 1.297195846930457482e-02 9.133034680659142257e-01 2.216305379701981049e-01 -8.074955259669730490e-01 2.845834721704682213e+00 -1.006597489753967789e+00 9.252283236704854641e-01 1.728260717968981064e+00 1.432426281746661534e+00 -4.481632217380253635e-01 1.849859846171698075e-01 2.654785422564059916e-01 1.306189698719410153e+00 -3.936944910345197557e-01 9.890358521000602865e-01 9.587272394543111531e-02 -1.851306986777955688e+00 1.996311295291597121e+00 -1.499030965542327287e-01 7.712160683833305663e-01
-1.090667894209456978e+00 -8.687221554409015889e-01 -3.897816641306366403e-01 -1.252150551647574828e+00 -4.128967101019339614e-01 -1.191361355915306675e+00 -2.056886801597342107e-01 -6.407584574480579276e-02 3.015075543673151892e-01 1.121437282251703582e+00 8.587889099063230613e-01 -7.018080335870352515e-01 -1.191410120848366283e+00 9.676388935962805249e-01 -1.775834802486560005e+00 1.732612881005259231e+00 9.425746576042562941e-01 1.665878523652241316e+00 8.023770815729232009e-01 2.230348026335879474e+00 -1.387103665784234607e+00 -1.043863174233286228e+00 -2.219683845861687710e-01 1.918168675624756681e+00 -5.173886426880222045e-01 1.486615982477664577e+00 -1.587064761584310091e+00 -6.103045265963679133e-01 1.117993771033211736e+00 1.269065439838543315e-02 -1.660273447432739635e+00 4.236042751902058812e-01 -2.839708927988071965e-02 7.426385354188973498e-01 -3.190710380141694169e-01 -1.550080790855681734e+00 3.310653784014309653e-01 1.358941075246218322e+00 7.938488485671291173e-02 -1.580357074505539527e+00 -8.528727709207747920e-03 4.353535662626988739e-02 -1.235150600645911645e+00 -3.285363879534468068e-01 -5.293066609338786810e-01 -3.089282161589943065e+00 -5.999849605478065895e-01 -1.643316183005436859e-01 2.880159251495986727e-01 -1.267387772356052489e+00 3.564956969577621759e-01 9.022083358553345533e-02 8.445785049122265242e-01 3.356989236420321987e+00 -5.562639618202129821e-01 9.095442769794825910e-01
1.109533672657083025e+00 -2.092754306468053382e+00 1.533621907330645406e+00 -6.741838621585862779e-01 -1.752074630125139754e+00 2.094569662214550210e+00 -2.276126989584055238e+00 9.538793110763061911e-01 3.496901726278757172e-01 1.061029642449057286e+00 2.737904407139137852e-01 -9.333215631332206219e-02 5.342937541449501726e-01 2.581481278635710641e+00 -4.251386878212304876e-01 2.282525743887858560e+00 -8.831563693754264088e-01 -2.857312531229914132e-01 -1.259612639735587125e+00 7.088128189286756198e-02 1.897860662248693320e+00 -1.066455268781070664e+00 5.081865733290227283e-01 -1.978471620108744611e-01 9.867591475600794304e-01 -7.981404760351731298e-01 1.514348766600584595e+00 -1.037323029399843222e+00 -1.497728820896725432e+00 1.541388345233243085e+00 -2.420627994846812070e-01 -1.795193278043476504e+00 9.039670427148094323e-01 6.186127879559857323e-01 1.187620257262120838e-01 -1.544270013900792105e+00 1.641378666866728731e+00 1.749517284267180450e+00 7.718527759231341712e-01 1.241800034269787023e+00 -4.704696534966981702e-01 3.836490274586663030e-01 2.028661365948522532e-03 1.017903714623971778e+00 -2.890075328994137684e-03 1.086390668602510212e+00 1.239587754947609616e-01 9.400064162351151609e-01 6.388079121458746235e-01 1.041112046532637780e+00 1.122219141031955525e+00 1.552073167124897957e+00 6.931679807632746826e-01 -3.384551610948019484e-02 -1.550329421626861715e+00 5.270396496775661133e-01
-6.650002596055321069e-01 7.511234562725204178e-01 3.685843497416368963e-01 1.351544941285395041e+00 5.802797556142518243e-01 -1.119987568849783122e+00 -1.245282333465975722e+00 -9.526778068189314386e-01 1.281816895998953765e+00 2.484656962288965154e+00 4.351417918039041099e-01 6.998357466061014831e-01 -7.900580118946542996e-01 1.847899470900212782e+00 -1.571460395483340045e-01 8.764068639516743309e-01 -5.320116261027562077e-01 -4.119283423452898552e-01 3.423232790026427552e-01 4.616431086037011133e-01 3.829908820006435732e-01 -1.532769938177309943e-02 -4.293419787809597543e-01 -9.426015705555298441e-01 -7.431139651196827511e-01 3.107979516740345449e+00 -1.245968642045287345e+00 9.827753154355587384e-01 -6.450971775945816278e-01 -1.450072306519167853e-01 1.696127277235593145e-01 -4.615006722909117398e-01 -6.691561311186532135e-02 -8.314058044550535209e-01 2.075305166866383999e+00 -4.715048708241064701e-01 3.627455647003086647e-01 4.740852642386392257e-01 5.207383312857309932e-01 -6.533566974647251335e-01 3.547541742001704690e-01 2.539514822517328074e+00 1.143206316501651054e+00 -6.046727353372554070e-01 1.758045352727861943e-02 -6.237377537892556667e-01 -1.956942314436315611e+00 7.740943684023668392e-02 -3.171012461295434903e-01 -1.085399225366343146e+00 -6.842728668812024795e-01 -3.138844280907996609e+00 5.085397624142153905e-01 -7.846314459749289538e-01 -4.401826788769152565e-01 1.038650518454626859e+00
4.800599092380566368e-01 -8.194687757106797754e-01 2.161181519848985211e+00 -1.516485586132278574e+00 -1.865034364631021235e+00 -2.653677383043121507e-01 1.612660550835094853e+00 2.977562326122284997e-01 9.090001930454880696e-01 5.466483395351615648e-01 1.718898994364654653e+00 1.588707448235924913e+00 -7.677191523938944329e-01 -5.936107898902307500e-01 -6.981216132791742135e-01 5.964569429815304025e-01 -2.317867627075497428e+00 -2.364794273689390103e+00 1.294899406981387724e+00 6.246437645821536488e-01 -1.113193474469988675e-01 -2.220093191787130937e+00 1.258644307204558610e-01 1.343365061180770592e+00 -1.050437245855989632e+00 -8.639640586677376222e-01 3.323389590413272088e-01 -1.313591309085333503e+00 -2.512588954385065687e+00 1.567597445796455657e+00 -1.177866755532166243e+00 -1.047606931473958669e+00 2.043697669876158307e-01 -1.413229276863362971e+00 -7.463980256959830140e-01 -1.924975490004165790e+00 5.525198798814250356e-01 6.071220863824148273e-01 8.507317404968997021e-01 -6.928625748177239529e-01 8.704362652070652961e-01 -3.541931598199475895e-01 -5.216674643182016985e-02 8.784417799102779423e-01 -5.854416812997907948e-01 1.761579289366648648e+00 4.506886620426950318e-01 -4.254577302642226222e-01 -5.200089891273187437e-01 8.114052742042100475e-01 2.983115763912250085e+00 2.435150505563774270e-01 -1.684176965978572138e+00 2.365003289146249965e-01 2.623512767433264781e-01 1.476850950739834745e-01
8.001161401327911982e-01 2.523046988359379239e-01 -3.474710570079698191e-01 -1.051527919523395083e+00 -3.007216580222859537e-01 -9.918708058927874216e-01 -7.502081695574983611e-01 1.666452600730490563e-01 7.944217493268683483e-02 -1.669658020069744397e+00 -4.068409116868959563e-01 2.375873695900848848e+00 1.624655258625835375e+00 7.412434666426049867e-01 6.971207471213459739e-01 -8.438609962882149818e-01 6.280890236957628048e-01 4.186436197009560378e-01 -4.703889937005529265e-01 6.315451315050676362e-01 1.278927332359548918e+00 9.855443057859216704e-01 6.914799603735422018e-01 -1.351069032338952036e+00 -1.349152250305298839e+00 3.378424927563470348e-01 -8.397640689851366691e-01 -1.307984315000662416e-02 5.394219738022835164e-01 1.187435575639084195e+00 2.350978304858609425e-01 3.905860975873614027e-01 9.592945324523419748e-01 -1.348390849132216962e+00 -9.047034689731375812e-01 6.625537514865094402e-02 1.136547229113159752e+00 -9.668700655349822259e-01 1.132496254612528563e+00 -2.629372929143639070e-01 -1.239225647374706751e+00 6.831609213658891289e-01 -2.236638299724997836e+00 -3.471482843633725279e-01 -9.642144826126260171e-02 -7.456252582556571751e-02 1.777496689263292851e+00 -4.943840061178820244e-01 1.976988505034733279e-01 -6.001461654143438462e-01 -1.140110899973145742e+00 -6.905278573931815378e-02 1.570555150045387593e+00 -2.188582964645861217e+00 1.289469718183088531e+00 5.156032748883591088e-01
-1.563454902697801518e+00 3.013928912241876645e-01 2.411267490683414172e-01 -8.234443899694485758e-01 1.434578682421241147e-01 -1.467565294221079952e+00 -2.986914255016699382e+00 -4.817233889647463962e-02 -4.623485397486116200e-01 -5.049127407993367900e-01 2.889879805201253093e-01 3.581541660601780253e-01 2.023634302533212193e+00 -1.265905375193328908e+00 1.046854241784006989e+00 -1.857496473346550436e-01 -1.996114531164564720e+00 -1.654636645837178621e-01 -2.775203932207197521e-01 1.115696366784236115e+00 -1.352800604496371406e+00 6.160176544361561923e-01 -1.278775805272112098e+00 1.282169478476514746e+00 -9.647430707550930240e-01 7.746030513407737850e-01 -4.186789674074652134e-02 2.705205906633837976e-01 7.060331305190962192e-01 2.254968321990610536e-01 7.206327341410795340e-01 1.392414613630893916e+00 -5.693656198973925942e-02 -5.542660360811216269e-02 -1.206588134621006780e+00 -9.562026604334251945e-02 1.152774407900497788e+00 7.319048651081960788e-01 -3.407062993939933837e-01 -3.152191903779990589e-01 -2.906608447136029283e-01 1.255488679518575124e+00 -1.838664266105954903e+00 -7.812286933592883509e-01 -8.008896424625294719e-01 -1.124847608236591689e+00 -3.045273314922691821e-01 -9.176573237907446889e-02 -7.371069601666381255e-01 -1.181721331081987181e+00 6.663056110203160465e-01 -2.546069386180125349e-01 4.469451100443797564e-01 -3.537810656484590699e-01 -8.806021809681349177e-01 9.472392195238953372e-01
6.382625527116300157e-01 -2.093432117040311180e+00 4.288065282895546226e-01 -2.449166457188917789e+00 -3.320653253419275086e-01 3.091389144440863657e-01 -1.151593946234664045e+00 -8.049562453011545049e-01 1.607346754113960496e-01 1.503834594038163941e-01 6.141367231207678357e-01 -8.378344598500800933e-01 -1.096816812098527216e-01 2.065160631505562616e-01 -9.711271517392731090e-01 9.590643352585217496e-01 -6.860471195109616449e-01 1.123943343016244434e+00 -8.180766662709489934e-01 -4.289231633069682803e-01 7.063657838090882102e-01 -1.096796152260762769e+00 4.030683900971541722e-01 1.897849702024244412e+00 1.543233883345299429e+00 -9.471971746420720928e-01 7.507839568531312624e-01 -2.287692520159090304e+00 -1.368135094960978515e+00 -1.608130092878605755e+00 -2.302339255023443165e+00 -4.789365070044422912e-01 -8.505492716747714912e-03 -2.018484031258921951e-01 1.891922642518769848e+00 -9.339669526418896695e-01 1.914246787731467725e+00 8.104254700218807006e-01 -2.580788372009142240e+00 -1.234487767582179707e+00 -1.296025593972072620e+00 1.618639906599247669e-01 1.979500780028405904e+00 1.828887509422685159e-02 3.096244848720137721e-01 -9.236591956925471747e-01 -3.195084526807131509e-01 -1.589773738224964150e+00 -4.525545143786242619e-01 -1.042961583085970645e+00 6.336449284213403754e-02 -1.029465548149465670e+00 2.437471324945839901e-01 -6.569286740047484141e-01 8.538090016625039524e-01 -8.932357819886254102e-01
4.551515315526659666e-01 -2.559812716907357566e-01 -8.105328518176907471e-02 -1.523905681938055423e+00 -2.419608937492151668e+00 8.584877406083971652e-01 -4.234008257216899385e-02 3.365620382429887480e-01 3.627631880137264231e-01 1.234803461255093771e+00 -2.008187091765770926e+00 1.817475480522251052e+00 3.608947663958524399e-01 6.343083347207240097e-01 1.282875115687207357e+00 1.270466916658932188e+00 7.492521272769967489e-01 3.191776760660952061e-01 -1.948426215750682089e-01 1.093338014449758838e-01 5.021274527089063522e-01 -7.409223867929851659e-01 2.272635436299048628e+00 2.347290429120650057e-01 8.618931167534601423e-01 -6.992235752730799891e-01 2.071127666206430629e+00 2.485814803977841880e-01 -1.812918581789190742e-01 -3.909221157594188201e-01 6.543550410252838012e-02 -1.052083295578866373e+00 -6.059458320312831043e-06 -8.327449862041756967e-01 -9.005220391993590257e-01 1.820755311172887803e+00 2.167895374670362196e-01 -1.530638738733759663e+00 -1.250556021785718563e+00 2.241656447513532324e+00 7.225356901497934636e-01 9.404894146111003606e-01 -1.918656814234623864e-01 -5.070116393613697398e-02 1.233291409532936422e-01 2.956614210545395749e-01 2.534782843998155677e-01 -4.118405493135063877e-01 -1.558244867739146944e-01 1.526132053658164178e+00 1.724079420458805578e-01 -1.872185205159841326e+00 6.366489620840737329e-01 -5.972579447772251582e-01 -1.269344896129911193e+00 5.557970409174667337e-01
1.984994600928721431e-01 -4.482807876697162963e-01 8.526515075210280292e-01 -1.086842703473674954e+00 -1.071658086058216580e-01 3.492861493094235326e-01 -3.018963684391405833e-01 -1.418921378580483506e+00 -6.172489971033718881e-01 3.277253439034480298e+00 9.876203753437947652e-01 1.203504652568251565e+00 1.054105451244682579e+00 4.957954382094757473e-01 -2.130280855571405674e+00 -2.674693984298242011e+00 4.925656264042841959e-01 3.641906610213985207e-01 9.625536882379923109e-02 -1.651570818870508328e-01 -4.315573419515598697e-01 -9.030522751140788174e-01 2.585071806050743271e-01 9.172232252125787910e-02 4.347360028744350346e-01 1.632129455490732628e+00 7.862985620924615171e-01 -5.650421171114936580e-01 1.628451555960100716e+00 -7.420045948207385500e-01 -1.620971277309425362e-01 7.144161677420066692e-01 1.085266840847203929e+00 -2.443557454295596232e-01 5.681035568682589743e-01 8.677805195928335602e-02 -1.221940550228561184e+00 -2.364958558161277313e+00 -4.481535529921879535e-01 2.169688927025070768e-01 -1.994207380214949588e+00 8.906219512239096914e-02 2.422405189569050710e-01 1.388290573494009861e+00 7.364295299987304588e-01 -8.447072593377897842e-01 7.388511051183912492e-01 -1.259829775504880622e+00 -1.876854672268740698e+00 -1.471455705560897664e+00 -1.499290175687046922e+00 2.161074339665276955e+00 6.080724518493429986e-01 1.427978785836164111e+00 2.132341875366505324e+00 -6.641946712610374837e-01
-1.375853921506350108e+00 -1.064486060459739702e+00 -1.334331648662038905e+00 1.636408557953194398e+00 -1.501251936229023975e+00 1.430052327617304497e+00 1.865163408825683433e+00 -4.300752300420329077e-01 1.677877832994601581e+00 3.264567647831348451e-01 1.376234588487615096e-01 -1.521283720969222264e+00 -6.902938812154530979e-01 -1.509251476747166754e+00 5.676117732233385560e-01 -2.939079825449026906e+00 -1.755964348490515747e-02 1.540793575455671638e+00 9.999453026175537662e-01 -2.982390467828175851e+00 5.059886697310933545e-01 -1.441949959713855423e+00 5.303449228057235398e-01 -3.574682316062008924e-01 2.206805154982192541e+00 1.365151618288974245e+00 -1.257775441237373837e+00 7.677388844549178082e-02 -4.122012594948224473e-01 1.986375029347219101e+00 -7.013242061108037051e-01 1.624909123845662273e-01 -1.991890210518822091e+00 -9.907688992706625841e-01 -1.738861940653153582e+00 4.304800193978933764e-01 -1.033829414199515462e+00 1.284806552212870212e+00 1.272983007183308979e-01 4.704622900007739972e-01 9.664712177002161564e-01 4.223154036816679224e-01 3.069942844940289906e-01 8.478935341658130342e-01 -3.294702916503554069e-01 6.440317347371166123e-01 -1.167459935937332105e+00 1.556883887625369223e+00 1.009339882365962282e+00 9.155793746502645380e-02 3.603620877064924177e-01 -1.323015864403734865e+00 -7.925184519659131954e-01 2.552578198768811202e-01 -8.219907598761999612e-01 4.299201675835936237e-02
1.628181311130063452e-02 2.069830542822865271e-01 -2.719224356245872887e+00 -6.902474440837635949e-01 -4.080842767857830594e-02 -4.177312668709927679e-01 1.341468701054723045e+00 -7.105591047970822860e-01 -1.807994119980240733e+00 6.354558567007803083e-01 -1.560615353674729144e+00 -1.182121824153888667e+00 1.124019729558167480e-01 -1.607447746333332539e+00 -1.294226713507931503e+00 1.459516191803689633e+00 4.863227524161655713e-01 1.106539459572705199e-02 -2.018587294434907697e+00 -8.116431692753923732e-01 3.849168922380713509e-02 -1.019812054400642154e+00 -8.228843660848496055e-01 -1.062681791167766621e+00 2.113560083004253798e+00 1.682198660675575885e+00 4.174956619343626607e-01 6.798630880143219368e-01 9.988065921551955717e-02 -6.172049817766055435e-01 5.865791899442663881e-01 1.445913051945534544e+00 -5.400162137493418335e-01 -3.002118267635097149e-01 8.899770477126311974e-01 -2.250883572845253089e-01 -1.448789685820228268e+00 5.769904184738812170e-01 -1.328988861470099314e+00 7.042668083195646744e-01 1.224981048305916476e+00 1.299485067742023103e+00 -1.175470162867731538e+00 -2.374628176205099417e-01 -2.821763165459139633e-01 -2.187070809398801718e-01 9.684890488249047191e-01 1.369935150724196804e+00 1.986183298172015332e+00 -5.946331735773324745e-01 -3.041061287218799758e-01 1.435072281189760490e+00 -6.992718920289774376e-01 1.298021915208348309e+00 -1.380823750047466936e+00 3.517774517758093245e-01
-8.207392991863619036e-01 -8.949965988077643875e-01 6.296594289367363206e-01 8.330260574805854745e-02 2.115561787055864951e+00 2.881844010626752883e+00 2.293387443336010634e+00 -2.657907119921142439e-02 -5.021552719564742473e-01 -5.799886017288111706e-01 5.936719258133968946e-01 8.051235122320025139e-01 -2.370112918777392552e-01 -5.354918576485268034e-01 -1.822164085413936041e+00 -1.563679170074303570e+00 9.834447086165046814e-01 3.440711124806476451e-01 7.848110874376619528e-02 -1.300944609642662231e+00 -1.195698943009348092e+00 1.702063114870819183e+00 -1.276251846395854983e+00 -2.079594075995362112e-01 1.150467416675256649e+00 -8.359214260705741806e-01 1.201614427135461405e+00 -3.558128527386972273e-01 -1.757914814106338541e+00 -3.852774103050756183e-01 -4.711361795572821531e-01 -1.951309996299059879e+00 -6.976587922383566953e-01 3.927723911862344153e-01 2.259197889968891093e-01 -1.373871800497446227e-01 -2.379242587050625357e-01 5.025865172897214794e-01 -1.897871344229046686e+00 -1.627923735133458116e+00 -3.410201032182435532e-01 -1.925485225097761932e-01 6.214185501981218662e-01 1.288022644777155445e+00 1.849744799145685015e+00 1.182630480485369562e+00 1.468069243203163010e+00 5.671379828591059657e-02 2.050386681683394885e-01 -1.166471884910232237e+00 1.448950163381639733e+00 7.767380437453801356e-01 6.309290655955935856e-01 1.214565498115906861e+00 -1.093477153211772857e+00 -7.734919931845619656e-01
3.654180353000672232e-01 7.903583657389134931e-01 -8.583262426981023152e-01 -1.006220005214277791e+00 8.978248582408887568e-01 -3.688015389581965064e-01 -6.098215360906030780e-01 -2.481311423402289829e-01 -2.481730785098736625e-01 1.356380418559583578e+00 1.576903697446691455e+00 1.167709058407528477e+00 5.482038751644393582e-01 1.787453937133253179e+00 -4.024517935563028947e-01 3.536685292827543847e-01 6.024690034598381011e-02 6.296151947368628932e-01 -9.597311253581602974e-01 1.029461367809294092e+00 5.817933407893031150e-01 -7.762707348521351580e-01 -7.500248497481893928e-01 1.045672454929306827e+00 -1.074254779276741401e+00 1.351056923168616031e+00 2.365476804516664533e+00 -6.211587041336525949e-01 -4.509836991949929819e-01 -6.663771328433202301e-01 1.437394525705501414e+00 -1.036059791173373545e+00 1.449850330070656446e+00 -6.175982079729986918e-01 1.911745428266169666e+00 1.185634716968597235e+00 -1.106914793780947148e+00 -9.164467074786123435e-01 1.262730464075637160e+00 2.306689672994522711e-01 7.679919825299454939e-01 -2.165467965652025928e-01 3.129801918045951314e-01 5.532542174401087198e-01 1.475673186122884450e+00 -2.347102419296544618e+00 -3.723589564141654290e-02 -1.685388371328171875e+00 -8.548416730658946472e-01 1.747577505235258455e+00 -2.111122087710770034e-01 1.219441228379470124e-02 -6.797360050328160597e-02 7.659263116045732511e-01 5.437786578558194694e-01 3.014859931297520501e-01
1.313283298431657586e+00 2.660813198845886074e+00 1.171600879943774043e+00 -2.489598580747330869e-01 -1.546253788950155306e+00 2.620843786357132665e-01 -3.509166321888047557e-01 1.178151231877090588e+00 -2.087124539420893432e-01 -5.417552210433367321e-01 8.682693110444467122e-02 -5.610257994083381328e-02 1.218638405622953558e+00 -3.067869097167815973e+00 1.033885501971314458e+00 -1.851590242957647847e+00 -1.654338912568811548e-01 1.760436308840898079e+00 -1.529889096487529500e-02 1.493489546364271670e-01 1.532714552124831320e+00 2.100134804297620672e+00 2.816707490874882924e-01 2.397960895615008692e+00 -1.475704970435210317e+00 -5.704228707936960241e-01 1.921625604238320406e+00 -2.304969971805877205e-01 2.338478988704733030e+00 -3.778662443769759682e-01 -6.802514906314133247e-01 -2.806039424056707698e-01 -9.072688913972372093e-01 -9.054128559083861327e-02 4.068094342648546219e-02 7.710511967914142062e-01 1.476196979039349433e+00 7.645641042454104364e-01 -3.674528404053445385e-01 1.219908472198198313e+00 -7.640899212887715120e-01 4.813572831444801192e-01 -2.337068572716206882e-01 3.402439360155793402e-01 -5.711948011058984864e-01 2.989094126692685149e-01 -1.656409170226827321e+00 -4.212605509787731989e-02 1.170302260475232087e-01 -6.537654209976947461e-01 2.041646687986411024e+00 -9.383505965921212777e-01 -1.845526291708327049e+00 1.383830685155251983e+00 6.659933964531529194e-01 -1.254592937907112349e+00
-1.055745646596077114e-01 -9.016980526631156179e-02 -2.255231428510328762e+00 1.374021017539623690e+00 -4.709339749474394377e-01 6.142038038285553558e-02 -1.247358733927490304e+00 1.520833867423794672e+00 4.543018274226231501e-01 1.261442191195828011e+00 -2.101136566685194662e+00 -7.333502167651285708e-01 -2.610523575498147064e-01 -1.464964228426748560e+00 -9.737827122785475131e-01 4.238213444395056984e-01 -1.023463464210950802e+00 3.138529226766635372e-01 1.536892657892020120e+00 -1.837150842189414934e+00 -9.060021087902406789e-01 2.083222952543748008e+00 -1.938004806147709758e+00 3.275450859712120133e-02 -5.159173600905120338e-02 3.281392779556960626e+00 1.220984076213298852e+00 5.632412733331281229e-01 -5.363742657108993006e-01 3.520717055383823513e-01 1.014407274775697143e+00 -7.596472222527158591e-01 -9.152600866618582076e-01 1.535606642593613902e+00 1.666079742226591331e-01 5.209098334003871011e-01 -7.453999224015495084e-01 -3.303188179463369401e-01 2.404902913796175962e-02 -1.454295798702270659e+00 -5.139844677481618662e-01 -4.654988996265004286e-01 -1.328374596051993262e+00 -4.143369227090164253e-02 -1.019721946108437693e+00 1.089203883597838818e+00 2.262795135601432250e-01 -5.788634840963349237e-01 -2.010428779133249799e-01 -4.645789279739473976e-01 2.637092046127795797e-01 2.768201866505487496e-01 7.197122174606492839e-01 1.619268080397050946e+00 1.176113751034479904e-01 -8.602218909099756949e-01
1.345377893089422017e+00 -2.858732977564407696e-01 -8.276268590233485378e-01 8.239130761497983624e-01 -1.545295709461948164e+00 1.187224741616211610e+00 1.659343989969007005e+00 -7.015782635288154712e-01 1.125336930391967361e+00 1.359390411145810773e-01 5.319659048671154800e-01 2.214444636938497912e-01 -8.216970373943209838e-01 2.370576340196253184e+00 1.667107856931928644e+00 2.019392675204975784e+00 8.431336827541856538e-01 -1.080057883397044005e+00 -1.855358244098598064e+00 3.294891913032819281e-02 1.779862537578636994e+00 -2.631073598554106940e+00 1.528613817052939750e+00 -2.035585152249382634e+00 -1.925813086452119016e+00 -1.543141573761183993e+00 1.767094250653157061e+00 -2.698752922494023210e+00 6.342966511799379425e-01 7.412045793761223855e-01 -4.442186208078433007e-02 7.036177008978515834e-01 1.942900479576820105e-01 -8.011609535712521657e-02 8.746249269414239080e-01 1.388286104826948364e+00 8.692608407221925626e-01 7.737110444321129155e-01 4.860268530713799384e-01 1.424059530773087001e+00 -7.882283065494631868e-01 3.395009290769275712e+00 -3.169458481624658486e-01 1.790609541375017821e+00 -5.539012632455959928e-02 -1.196626050979723854e-01 7.612476018888296447e-02 -1.004384923906478599e+00 -5.215908786056104862e-01 -1.195520517961357720e+00 -1.129667546146429363e-01 1.440521194899156088e+00 5.837693755737101142e-01 9.189785233291748456e-01 -3.226897864428443508e-01 1.781291392914170935e+00
-9.441640083663438432e-03 8.899988290719276218e-01 8.070933090935462628e-01 2.177057835002841113e+00 6.099164019611851284e-01 2.649892434465270230e-01 -7.324207010860216138e-02 -1.854813533991089392e+00 -2.145067918695052755e-01 -3.618419719292324532e-01 -7.595357296194665819e-01 -1.621653738356956476e+00 8.003927024551564795e-01 1.375270427179071442e+00 1.159745470350588059e+00 6.536342112511754898e-01 1.340799202791459033e+00 1.619799058937824610e+00 -1.375248416134537965e+00 1.301592505294281166e+00 -2.069582860482725162e-01 7.681475956303779329e-01 -1.781165471990294180e-01 1.995217207822521210e+00 1.835042145713244421e+00 1.410679841091401210e+00 6.739815037101123396e-01 -9.052171335720282652e-01 1.282039882828543087e+00 3.923847355240386747e+00 7.545266295210304452e-01 1.414174880738834128e+00 4.797148756079424592e-01 -3.549185428758118710e-01 -3.228260508928192940e-01 6.528219065133219479e-01 -7.570240158554357723e-01 1.677384266565128179e+00 9.978613267517536523e-01 -3.545898644600102845e-01 5.055225270556515937e-01 1.513206356112448692e+00 -1.334168007589568994e+00 -3.729356868916844814e+00 -9.905188439757711683e-01 6.456669287500684806e-01 -4.018091311506705177e-01 9.720094502255496316e-01 5.325606989808897573e-01 8.049372805298432576e-01 5.414687664960409208e-01 -8.799905807552418358e-01 -3.512042909256050671e-01 2.639788487463534228e+00 7.425310884802760469e-02 -4.119708761846510026e-01
-1.059091276790557146e+00 -4.033371135689347575e-01 -1.241544327808483450e+00 -1.080809603475429537e+00 1.692015621930048175e+00 -1.298768554102567752e+00 6.643837114511302877e-01 -2.682156718665931194e-01 2.462642146126861054e+00 -7.804954091942212235e-02 -6.797170021061906819e-01 1.003201637851451444e+00 7.012738019587797522e-01 1.589064978957010377e+00 -6.357154919205691701e-02 3.077725617090567578e+00 1.201615738091541763e+00 -1.820407097195315238e+00 1.055887373168060916e+00 3.781218277877725353e-01 1.270806606084053048e+00 3.049272665868957066e+00 -1.137224321476896671e+00 -2.117441189045175864e+00 -7.135219708607118960e-01 -4.509085670215947500e-02 -7.424712100817991711e-01 -2.472331475164276857e-02 -1.142683197948880958e+00 -7.453843956903483114e-01 1.613115888199094350e+00 -1.583794618114199082e+00 1.528588251710560064e-01 1.551157158038078965e+00 -5.731537520018396004e-01 -1.004783948994116966e-01 -1.256140566673402903e+00 8.159444531343674756e-01 -7.555495845218142270e-02 -1.398737409235748075e+00 4.166941939492967428e-01 -2.196968471765483599e+00 -1.471018644537853470e+00 2.010760991467845482e+00 -1.553877449148692635e+00 -2.279593198489747952e+00 2.018342545097290941e+00 8.034114556495343118e-01 1.869318664357476401e+00 -6.503950636093922544e-01 -1.697544740381391470e+00 -9.933633177340056575e-01 1.808008111735433410e+00 -8.842772405893992715e-01 -2.020746988827482049e+00 1.984661523417422302e+00
-8.382528076436662756e-01 2.643429705410954789e+00 3.507664511752078274e-01 1.776055521930985925e+00 8.903712016133322749e-01 -1.679363616004965420e+00 1.223775159918792488e+00 -1.762379833807722340e+00 -4.093025838789643989e-01 2.960105586401577393e-01 -1.923625310494853080e+00 -1.186080332979626784e+00 1.453881174396343789e+00 -1.654188857804068657e+00 6.908454532993826280e-01 -9.069063932158500929e-01 2.316579414060951636e-01 2.210627709968946419e-01 -7.942219720954177831e-01 -1.274056745424217096e+00 -2.753740513974499482e+00 -1.250823162377028508e+00 -3.833975700266482045e-01 -6.565867032141721182e-01 -2.595481008363585973e-01 -1.600434075541599555e+00 -4.113122092452374257e-01 7.191649027662913585e-02 6.224930571052325057e-01 -1.112162666507089837e+00 -1.274950367638746362e+00 -3.605785443422387382e-01 1.022147564892975202e+00 -1.217419761316712590e-01 -7.819103883891104223e-01 -2.921608001252368192e-01 7.263248230374568237e-01 -1.844344283609020418e-01 -1.505084046782902529e+00 -2.256459764037022087e-01 5.878496557064796790e-02 1.320062958819125110e-01 -2.738315179796546595e-01 -1.713929258381806653e-01 -2.006379014683749573e-01 -9.721485874396994242e-02 -4.996331204404241139e-02 -2.167221402881741810e+00 -5.231018504009071757e-01 3.004384335784562321e-01 -8.575196147106352029e-01 2.428678284461278924e-01 -3.099540913810581721e-01 -1.725635726319243002e+00 7.024795804814554234e-01 -1.281534370145326340e-01
9.653745956971030440e-01 -4.462294185061207452e-01 -3.130197715580496531e+00 -1.413232719940925364e+00 4.670179112274176481e-01 -3.268806872234891525e+00 -6.205707706189002026e-01 1.424283554818629893e+00 4.282155453255398481e-01 1.132462190805153091e+00 -1.498935089921778818e+00 6.713069356559082657e-01 9.260718340636532320e-01 -7.910213256966380779e-01 -9.778069506923431353e-01 -7.072505132546893503e-01 9.096818744995331940e-01 1.504175746968746896e+00 -2.034598722800145865e+00 9.183516497098885567e-02 2.402318056776408528e-01 -1.199089852984001059e+00 -4.653412173960040921e-01 -7.250874273265690562e-01 8.788930882415758594e-01 -1.877859849294949202e+00 -1.991390668631705663e-01 1.090016489287089385e+00 6.379529148221613211e-01 -1.665652421030991703e-01 3.689949093522710832e-01 2.441225101701259281e-01 1.407474224911578753e-01 -1.565688268664412186e-01 -1.375816936550844805e+00 -3.604076660495393325e-01 -2.287679886139918142e-02 -5.861214782516509514e-01 -1.044790603707387078e+00 -1.211370803213444036e+00 8.363772856047200221e-01 6.035961639069431506e-01 -1.136001923358983978e+00 8.896492728824582086e-01 -1.086901354317994228e-01 -4.538842698011240073e-01 -7.395029534622050982e-02 -1.158112832611318588e+00 3.593300910221188804e-01 -2.187716480243620865e+00 1.024718419098866073e+00 1.033980557941870659e-01 1.248546647979507235e-01 -2.171239256059596112e+00 -3.024762292092812443e-01 -9.577081265252826991e-01
-1.088993584933779513e+00 -3.489322690622513601e-03 1.677609744249098256e+00 3.144807144645566099e-01 -1.379798087384992211e+00 -3.024047747030859101e-01 -8.748236660013909427e-01 1.034136185608834246e+00 -6.899094205434702642e-01 -3.420984928104037204e-01 -1.128914440756803861e-01 2.774089786023928861e-01 9.418435684841791611e-01 -4.185371059074369793e-01 1.692620397009165334e+00 -5.475690723608092059e-01 1.038168936807372322e+00 1.559057494892374773e+00 -5.612060901999446072e-01 7.440154945055016400e-01 8.003413642671531880e-01 -1.701422007842082307e+00 3.724455492064163153e-01 -3.104547312627173664e-02 7.489944139745035034e-01 3.574354468788974448e-01 -1.674403775294695418e+00 1.308480489512067191e+00 7.804105843992678038e-01 -1.337291932487931767e+00 7.272858067774711222e-01 2.742342380762840648e+00 1.996107415583201705e+00 -7.615800303998100373e-01 -9.425123849338594706e-01 1.602543774096921947e+00 1.544813184835233333e+00 9.609608978119275058e-01 1.264288267255164300e+00 -7.813018061966831018e-01 1.194302406730800126e+00 -9.863234660772710050e-02 -5.687228400436759035e-01 1.041305636221427910e+00 1.150692973333946600e+00 1.313991091502846098e+00 -1.174223432813076728e+00 -3.686175260760881089e-01 -1.784674425867524450e+00 1.895039320941341643e+00 -7.644159610490924850e-01 -7.184823007126338590e-01 9.166736489479798689e-01 -2.256194778435772694e-02 -6.352885177246881954e-01 -5.845959342550166582e-01
-2.429364950362558506e+00 1.689373685354184973e+00 -4.852862114772599211e-02 -3.661709957453429531e-01 1.112684522198134962e+00 1.003891656753350459e+00 -2.652521365935433528e-01 1.271925119734001575e+00 5.799043990058985187e-01 -9.934651197713070259e-01 9.699688174478660052e-01 -2.719875919872987602e+00 4.139442259430278076e-02 -1.742538027860237315e-01 -4.263631989327279492e-01 -5.131347625971379722e-01 -7.464183340101184783e-01 1.158973152484034985e+00 -4.778819064982335885e-01 4.113160833609588729e-01 7.114076545490878312e-01 -1.004104733663937488e+00 1.078355353517683968e+00 -4.887704169613093508e-01 -2.023708516168078730e-01 -5.841917354988080957e-01 2.002702832642212272e+00 3.462866790764128622e-01 -5.498728819263561940e-01 -1.355656306710570025e+00 -8.808258023521192692e-01 7.697612341341590614e-02 9.088473892205690685e-01 3.650848160957095301e-01 1.282081609117754928e+00 8.062778311317321256e-01 -3.832347771360865574e-01 -3.926535021114430646e-01 2.150548004667663271e+00 1.789450139604498446e-01 -6.661298788840861462e-01 1.931906434395267991e-01 1.009270061596187595e+00 -1.880116048541399243e+00 7.255794995358415544e-01 2.939696050821662132e-02 -8.721033518882713720e-01 1.603126500989487724e+00 -1.558431744984265288e+00 1.728700619117032433e+00 8.751963876253897323e-03 9.859204201538396273e-01 7.138916674430482168e-01 -8.052510444038502024e-02 -6.291685025754810701e-01 1.177942749339969009e+00
-1.167260263741970450e+00 -3.575697391590131891e-01 1.254305350647424877e+00 -2.680704628612326501e-01 -1.525630715337294330e+00 -5.081755631171576137e-01 -1.974696624404417067e+00 -9.708810678765616986e-01 -8.537435736617462467e-01 -1.942081096496584447e+00 -1.041642343393460513e+00 -1.181155784700895911e-01 1.237362212137269157e+00 -1.380775760296551802e+00 -4.103124383560612931e-01 -1.438306281097147865e+00 -1.070913881857313399e+00 1.546612273277992999e-01 1.491752043304251929e+00 -1.184874397538915103e+00 1.185702210877597418e+00 -1.142405402294102146e+00 -9.498565694834738560e-01 -1.054718886349797768e-01 -1.022324442751477047e+00 -9.791145427299528803e-02 -1.771205452728063845e+00 3.043371958942913125e+00 4.899959938615316424e-01 1.763366787437762540e+00 2.780303611415976817e-01 1.391540748740899947e+00 6.853807043351525241e-01 5.251552405787741629e-01 -2.574804796925185268e-01 -1.012743500712787181e+00 3.525397061455431413e-01 3.651044001026294006e-01 -2.212268094596356871e+00 1.163162188491608351e+00 -4.856403145412282463e-01 -9.411221345146805195e-01 -1.556956948730222057e-01 -1.316507049013193598e+00 -2.162237561617615100e-01 -5.737203086172523170e-01 1.113489011764559888e-01 4.509202084143435485e-01 7.201350303368323491e-01 -3.239053691825405368e-02 -3.386578588594955641e-01 -1.125677709425975559e+00 -8.431359766743409256e-01 1.038923242074766051e+00 1.534773603039211842e+00 8.264039811123593537e-01
5.457055149557014095e-01 1.481477312315619299e+00 9.461328411528392435e-01 -3.966709851620802696e-01 4.944330398926218006e-02 -4.489654187528248075e-01 -2.121222035433781294e-02 1.354242160131800432e+00 1.072573813805020704e+00 -5.170916182889299106e-01 -1.034179620179104475e+00 -1.113826044060278742e-01 -1.482997917382525399e+00 -5.291419802306422948e-01 -2.808157740668983104e-02 1.116555513987696147e+00 3.602412734284193840e-01 9.149345987785078016e-01 9.423940850819380044e-01 1.782359561513612300e-01 9.052142618053090617e-01 2.739386808171798471e+00 -1.325903629276647733e+00 -2.275097880795268479e-01 -1.220957801036254953e+00 -1.054483539974689910e+00 5.558890463624359679e-01 -8.149450949032013281e-01 -8.118499125412468320e-01 -2.679918007121682155e+00 9.697765819143336907e-01 4.753308750562609819e-01 -1.922168607306839361e+00 1.025068768280691822e+00 1.655480774475911021e+00 -1.002765002311651221e+00 2.371474560683073107e-01 -1.477773873092938395e+00 -3.775453848982421867e-01 -2.193132743724980571e+00 -9.222885550537885946e-01 -1.306979065248534022e+00 -1.857075110496492765e-01 -2.442781801695058930e-01 6.008958401900774682e-01 -1.467095923176440497e-01 7.943852365064208998e-01 -2.828600753509803445e-01 -2.061863104342189223e-01 -1.193631975176692617e+00 -5.637057648499080864e-01 -7.518708985695783387e-01 1.731310421223293261e+00 7.473015257621197227e-01 1.213599267910952378e-01 -2.849004248283149576e-01
-1.572765841061565695e+00 -1.215634820738613175e+00 6.746556824044785960e-01 -1.231643938080317635e-01 1.151785265493181720e+00 2.559808838177041745e-01 2.670112716855804980e+00 4.459033742027834202e-01 1.356480493058721981e+00 -2.494975113486432861e-01 -2.727393491655538682e-01 -3.610160662276820642e-01 4.818839777424488990e-01 7.593031213809812163e-01 -2.212559650618892704e+00 -4.443060711287422776e-02 -1.055759983839583027e+00 -5.308188480415659827e-01 -1.871698771135446859e-01 -1.399866994412913845e+00 3.463423272365159788e-01 4.630413642223114579e-01 1.048348584883508766e-01 -9.212921781881495686e-01 -2.071788781295024473e-01 -2.333960691879722216e+00 -1.566922727305984642e-01 -7.665412893963768903e-01 9.460540341584167123e-02 1.148929305543822776e+00 5.274936068491514751e-01 -1.060117144989349169e+00 -9.501052214653008532e-01 -4.318190282310255951e-02 -3.170617324983918128e-02 -2.293167983426630252e-01 -2.672355516638844630e+00 1.177130259511249555e-01 -3.691907029706619769e-01 -2.559649771263909357e-01 1.589503601326430759e+00 -6.241616564318843707e-01 1.161213457730944310e+00 8.531403038511249648e-02 2.837274734514660390e-01 5.315736416863497960e-01 1.039347622346014320e-02 -8.366419580971545811e-01 4.130213900476319977e-01 -1.204887941334527923e+00 -1.155213862809774561e+00 -1.953410739762246606e-01 -7.838068069759704937e-01 -5.338217986454204533e-01 2.101509772169633250e-01 1.481551184909623009e+00
-3.580618738300040405e-01 -1.221565970125180201e-01 1.030327403709006884e+00 2.101446151740244517e+00 1.746631336119476741e+00 1.779901989197954393e+00 -5.062196419197889652e-01 5.201941587685627866e-01 8.647883985456229494e-01 9.005373967461711704e-01 8.390610199260500890e-01 1.742886304838326961e-01 3.882373519529363493e-01 -6.138138382089294298e-01 -4.306057085904074766e-02 1.641905121112974930e+00 2.052870684856062056e+00 2.883181772087343164e-01 3.647540516086272833e-01 1.816754578248405805e+00 -1.089502699756473847e-01 5.985511337211695260e-01 8.476961687546592517e-01 9.535857919636174518e-02 -1.683062618441749647e+00 -1.199576204209543917e+00 1.748052649720200913e+00 -1.647179810747436690e+00 -8.300163454204494418e-01 -1.417787955102821407e+00 1.785821686311342416e-01 8.490448381182806870e-01 2.979427423997990654e-01 -5.351080440993275511e-01 1.442082606416201118e+00 1.654855506260647924e-01 2.264554946016848813e+00 -8.810235591480931605e-01 -1.478468954273774782e+00 5.302778452557844746e-01 -4.209176821298862836e-01 -4.085368745031147664e-01 5.764728120505381304e-01 1.420558248185054342e-02 -4.504313640952397058e-01 -1.255451167278996305e+00 -2.299293063043952312e+00 -1.787953165536742217e+00 1.879120412517338190e+00 1.110276328383306810e+00 1.145404612446929288e-01 1.777025262011281637e+00 -1.895410291064654751e-01 -7.227831536703442916e-01 -1.923808428716465013e-01 -1.096326216247778040e+00
2.591393092679413757e-01 5.689191653503838930e-01 -2.271240302640345377e+00 -1.164856838064547651e+00 -1.377446614149780535e+00 -1.873177732076516111e-01 -1.660455940419085508e+00 -6.776410927280866747e-02 2.086783248406026692e-02 -1.183799124592988666e-01 1.039856055768803023e+00 9.277461654498341259e-01 4.133517690355237306e-01 -4.260178908189765079e-01 1.519416631138225560e+00 -6.062885078971698150e-01 2.727795342580347504e-01 -1.101441205275995650e+00 -6.758098055013953553e-01 1.906151756184747192e+00 1.104757346872545787e+00 -8.375516615262390552e-01 1.316683380403536052e+00 -4.704484885149037288e-01 -6.573408174592353381e-01 1.039269812658606629e+00 5.615785877900336676e-01 -5.339130337185890030e-01 -2.761331747018426763e-01 2.349667070095628474e-01 -1.808702223199202930e+00 5.686254468171493270e-01 8.006327739519079056e-01 1.014606734987908210e+00 -3.846808749264838956e-01 5.461973736568339621e-01 -6.390140725455707438e-01 1.327322152024022373e+00 9.801219200252425656e-01 6.970826477806773003e-01 1.868548393906246663e-01 8.423682453088687794e-01 6.525424622254194507e-02 5.042398383120306748e-01 1.859490924241677057e+00 1.609331023311201703e+00 -8.913208300805688378e-01 -2.008651033580506784e+00 -5.157698541638300327e-01 -4.515436968696177611e-01 -6.518024089397031484e-02 -2.157136253280625748e+00 -2.444883510744853272e-01 -7.369895952512943715e-01 -2.985972427052693279e-01 7.114130782554404231e-01
-3.165002961295347306e-01 6.406946949286631554e-01 7.504661084394502746e-01 -4.608796019447372605e-01 -7.258057081150476320e-01 8.500948773555205840e-01 -1.980726925009930195e+00 -3.497509015753452744e-01 -6.386201658209808008e-01 7.380198192752852882e-02 1.104420566955091276e+00 6.961823538817021872e-02 1.276647727656406994e+00 -1.631540735546845866e-01 -1.499411329827491590e+00 -5.890182241413737252e-01 1.498218729281607375e-01 1.186197153945310667e+00 4.492851073945990925e-01 8.153371664113283623e-01 -1.300168636844249992e+00 -8.623589938632201246e-01 -2.948118440287847072e-02 -5.457617811851588341e-01 -1.075010097805675802e+00 -1.460281955053915448e+00 -1.406452389040692974e-01 4.421626138266274708e-01 1.442652719665513894e+00 7.494204310629033472e-01 -5.573015634348092995e-01 -5.723352146264043538e-01 1.122252666968390766e+00 -1.278877268402762279e+00 -3.215307318751982613e-01 2.316252683729462802e-01 -1.218591220973669786e+00 -2.517834799710990112e-01 1.673262469615474535e+00 4.033959082614663877e-02 -1.030905793840823037e+00 1.221454662769593941e-01 2.058148847842024676e+00 2.980952946131362191e-01 -1.730774144109444634e+00 -1.278750509627892828e+00 -1.023400848278943620e+00 1.326720998203844912e-02 8.960269047617612503e-02 2.164564914189688605e-01 -5.721905820838577572e-01 8.435382840985489183e-02 -5.917952262681042130e-02 -7.755637709913684175e-01 -4.300467671403596093e-01 8.064297894919847387e-01
1.060380544999996788e+00 -8.218610135796218241e-01 -8.405486313024747025e-01 -1.856668273409809444e+00 7.664863364299494553e-01 -5.444121400429869917e-01 -5.249355563415774029e-01 8.484229825971892347e-02 6.689174758956691891e-01 9.345515420113459371e-02 -9.144489606646312163e-01 1.975213129669839973e-01 1.724488797400327011e-01 -9.358885480159099268e-01 1.174070839365504160e+00 7.020415057758770949e-01 -2.805661979380398297e+00 -8.051931910472427678e-02 1.591863223645036962e-01 8.930628411456137394e-01 5.606858445669086199e-01 1.019089389643620391e+00 9.670918892711364290e-01 2.379203033348313401e+00 1.355814455587097456e+00 6.157720843242689979e-01 -3.207125394429646281e-01 2.422965132465577931e-01 -2.779775721900197838e-01 -1.115131226931566522e+00 -3.015446872088425878e-01 3.544622429907279271e-02 5.397514295722217748e-01 -6.607190018222461880e-01 1.963321487737867521e+00 -3.622724066599582460e-01 2.172753968802763502e+00 2.037823413902887015e+00 1.453731574576630492e-01 2.118226754404910483e-01 -3.141234754508842042e-01 5.341602993425773604e-01 7.074191622711769600e-01 -8.162464020533261033e-02 2.550294896353952900e+00 -2.508524750365378253e+00 6.867164091828269479e-01 1.781854158031178637e+00 -4.267817708569293655e-02 -1.790312414395031082e-01 -2.929661194707812721e-01 1.775071811495586127e+00 9.357214150762868110e-01 2.754012190978965546e-01 3.997145415943226809e-01 6.735651222076260991e-01
1.854848891997787019e+00 -7.947987512525431231e-02 -8.679213595950013849e-01 8.530888859798990698e-01 -3.262932171323093544e-01 1.153998765316863517e+00 1.968658302166668372e+00 -1.195478706582345507e-01 -6.079175167638040111e-01 -2.750576252169641966e-01 3.047639660789863147e-01 1.341355747734840620e-01 -3.083217947236360335e+00 2.804800779813245715e-01 -2.112599320248442325e+00 3.113509376720506872e-01 3.882175922884418817e-01 7.925710063692170682e-01 8.369209417537230022e-01 4.079944577750058143e-01 2.338644407969076244e+00 -4.969433203128142962e-01 -2.691909504357805627e+00 -9.782736897648613983e-01 -1.266393847799443195e+00 -3.556883357376118937e+00 2.427443555853094015e+00 -2.301499586307932610e+00 5.511557460457903179e-01 7.690324028250168642e-02 1.174198919834939181e+00 -1.029715274814148485e+00 1.575830008362206769e+00 -8.656847046093945064e-01 -8.391176843693879395e-01 6.829181528481235164e-01 7.026233723178919588e-01 -4.383250061378098916e-01 -5.567094176315231513e-01 -1.814886096977689656e+00 -1.975631159891766631e+00 9.837284313568249450e-02 -1.381217579615218405e+00 2.232114739378581458e-01 -3.722675710069929811e-01 1.156086029549609151e+00 1.984241146259284605e+00 -2.206157056088743573e+00 1.065971394698360220e+00 -9.488195502176429708e-01 -2.534872182483230985e-01 8.800354337550617689e-01 -5.052101277266535240e-01 3.622015399845850137e-03 -1.084826689270679545e-01 4.466872813529953468e-01
-1.397052607035223826e+00 1.143416495161265756e+00 -2.299808737865410291e-01 5.898193845726150686e-01 -1.302256276124597045e+00 -2.619924258341617573e+00 1.003981928552092617e-01 2.502489947621872046e-01 3.772568375446626598e-01 -1.567023913818802461e+00 -9.800000647399443876e-01 6.448937735298992946e-01 -9.834939494745382760e-01 -2.535204456200890535e-02 5.756136107552222159e-01 -1.177166133992203489e+00 -1.448450908283749117e+00 1.033777261042135853e+00 1.072354366951684179e+00 -9.780878515028135212e-01 1.430400032384405717e+00 -2.603120903556403132e+00 1.322974179789766058e+00 1.246504907865296108e+00 -8.989782370098068492e-03 1.838731981656463343e+00 8.780621841117720594e-01 -4.310420224948033896e-01 -5.498524774117076186e-01 -1.758107890334946077e+00 2.273760336773334167e-01 -3.485575882141619175e+00 1.607501674061822872e+00 1.813109321592375200e-01 1.865262352664652568e+00 -2.486325439908561585e-01 1.000708377080698153e+00 -8.401293725081602215e-01 -1.068379386397916124e-02 -1.004347193839295382e+00 -1.145315967768214760e+00 -3.979205588495667856e-01 2.378262849174091365e+00 -1.225407952749679952e+00 -1.746925752211393457e+00 1.287087310176897148e+00 -9.822866408743542721e-02 -2.971323982422162113e-01 1.084442886795534244e+00 -1.267869448725138792e-01 1.668315398836011099e+00 -3.070746050279700157e-01 1.408522498388009803e+00 -7.989702170013499027e-02 -6.764182130958255879e-02 1.444826021967515972e+00

# Layer 2 weights: shape (20, 36)
4.203977427764756802e-01 9.771977834621984327e-01 9.229848787704960644e-01 -2.329147419094216520e+00 9.748731892769916252e-01 -2.785611911857161171e+00 -4.338991573278599967e-01 1.244983596401663783e+00 -1.697236542637280188e+00 -1.326380643446115837e+00 9.336638879619580944e-01 -2.022686159995016553e+00 1.586004508054454476e+00 2.236880886986526651e+00 6.990837573007290667e-03 7.966028694489520889e-01 4.238268771873673901e-01 1.318553159722134271e+00 -5.476601202079184327e-01 -2.143993273794612409e-01 1.955868625750847078e+00 1.344334517519585770e+00 -1.204709439989458009e+00 3.439332670144348153e-02 1.200373082560666882e+00 1.079171834915817474e+00 -1.129674620272324681e+00 1.099485565094409534e+00 1.192751692821617082e+00 1.304752450913087225e+00 -1.244018990200429942e+00 9.472465492587549551e-01 9.269072253505296066e-01 3.075114169080457760e+00 -1.159286403548457578e+00 -3.726942979637980491e-01
-2.556174498319276012e+00 2.468569776658342096e+00 -7.524409737770364481e-01 -9.559568526682530321e-01 1.565596598361892244e+00 -1.338028276729079868e+00 -2.063656566744232368e+00 -1.950381879600210644e-01 3.719396220504030404e-01 -1.549111519424639649e-01 -2.621767628076826506e-01 1.001576818125227142e+00 2.803945901323962597e-01 2.042895714252858375e-01 -8.844087601584522673e-01 -6.087386066880220437e-01 -7.774211386821986425e-01 -1.787853389808149451e+00 7.013831182317613322e-02 -1.344367471728545649e+00 -1.464543997300962630e+00 7.925011570919120452e-01 -5.000754071489282859e-01 -4.448489173362160543e+00 6.662168855236491050e-01 1.951858659447392785e+00 1.149398642663329806e+00 -7.740269988907636511e-01 -3.945140561458280182e-01 -9.857725110057223572e-02 5.028624116863276150e-01 -5.354831882160467904e-01 -6.966507338518523884e-01 2.244614204856247019e-01 2.623556179780037745e+00 -1.138751430993396374e+00
-9.876795251013581467e-01 -1.618187470839239639e+00 -1.502654861476912240e-01 -1.156498572630545674e+00 -8.977966139710850113e-01 -3.469130982633248372e-01 1.118720959351327870e+00 3.618773532374929269e-01 -4.957553463745592026e-01 -3.704450917549804712e-01 3.712756559901062015e-01 1.798951685304361003e+00 -4.857196991537327535e-01 -6.780194626854317841e-01 -3.271254966517828655e-01 7.185480291137579245e-01 -5.372775016989591590e-01 -6.363423370225822495e-01 -8.731543319280935522e-01 -4.900546954482018491e-01 -8.537746244462112166e-01 -3.540424075926146275e-01 1.619487402978472490e+00 -1.123127327212165794e+00 -2.164543142644845375e+00 -3.513391289048927169e-01 -5.258056361630744080e-01 -1.643084892838134747e-01 3.531515230677276240e-01 -1.292159335022759550e-02 1.240430699446272607e-02 -1.064548988179922162e+00 -8.053489371342287262e-01 -5.879763220090483689e-01 -4.228578198463378568e-01 6.833826780485735553e-01
-3.607661041549068415e-01 2.103168688693533461e+00 -1.939235109566360027e+00 2.331895536633047605e+00 8.457278580853456740e-01 -1.447019970743449013e+00 -5.804771319401471619e-01 -1.682140293974730749e+00 -1.334266033767439907e+00 9.849227738367134499e-01 -2.443864399459258152e+00 2.665903807112766644e-01 -1.296603079023572747e+00 -4.740859994068540861e-01 -1.968352639426231177e+00 -1.301240893843760738e+00 -9.388333202547467504e-01 -3.731747844608076514e-01 4.272688569225671085e-01 2.961915119742761227e-01 4.486907156030290889e-01 4.552625588514974120e-01 2.077122614922602750e+00 7.998704324391204823e-01 -1.629263194406050275e+00 -1.575196798554516331e+00 -1.087183824462101267e+00 -2.968118218193668834e-01 2.958773065575904804e-01 1.251239458056465192e+00 3.551394118992667326e-01 1.834007483360884150e+00 -6.640920669246989094e-01 1.097852758487106506e+00 1.885437997873953275e+00 4.592632042271511672e-01
-7.774042762267265871e-01 3.551620735826985231e-01 3.420903948715017795e-01 -7.717169223304297665e-01 5.128479084688262191e-01 6.596129386458081389e-02 -1.584397764077595250e+00 3.287628036092974937e-01 5.102126265156387008e-01 -1.005756846500106994e+00 2.984338863121118290e+00 2.211279163253554891e+00 -5.689087861852772932e-01 -1.047834140169134676e+00 9.874740481298701633e-01 -2.249697739938007146e+00 -7.254440695940000960e-01 4.028612885259569981e-02 -1.369713537020487815e+00 -2.314019981237294687e-01 -2.768075679252042676e+00 -5.804388820960140194e-01 3.107284160019001176e-03 8.096085103771574198e-01 7.930789925001900664e-02 6.663516883081268549e-01 -1.143665798299381198e+00 1.210639047379792554e+00 4.293501427038888263e-01 -3.063311876982593995e-01 9.257557546878832921e-01 -1.814042325351422402e+00 1.889206857027584840e+00 -7.690060379076230079e-01 1.390942723986709373e+00 6.376770796456374679e-01
-4.415981626480894318e-01 2.489259747882901497e-01 1.201819086353943800e-01 -6.327363385317661404e-01 2.300793039410377605e-01 -1.477241961393997716e-01 2.141459111134398352e+00 -1.910609263403017399e+00 -1.587543590192403986e+00 -1.700118295475410823e+00 1.285552466075071898e+00 -4.570473104847462831e-01 -7.474529228028103933e-01 1.358904488097556706e+00 1.694071287225643152e+00 6.926873918002373065e-01 7.259097879897442873e-02 -6.260622490786323935e-01 -1.558253151108763557e-01 -8.041385213761653716e-01 -4.465478608914458802e-01 9.349654862074127104e-01 1.384198048832529171e+00 7.095648529804419180e-01 -5.932089834289737684e-01 -1.383310595377771568e+00 -7.524099532767834775e-02 -2.590777664440972461e-01 5.340322227529937793e-01 -7.774022192527150210e-01 -2.501027659717828255e-01 -9.226082296315633868e-02 1.362866851480707686e-01 9.617319892904151457e-01 -4.124619953923996246e-02 -1.366846945927438384e+00
1.059928491937073947e+00 1.842852252880916863e-01 2.733855955291618622e-01 -3.223337959619496790e-02 -1.774097850972989443e+00 7.444575691600190392e-01 -5.145318552247446497e-01 1.499152297583246751e+00 3.782021562429999095e-02 3.008188676119681881e-01 -1.438647428169544495e+00 4.560392003356340540e-01 -2.428204977485862504e+00 3.707006098487550805e-01 -1.142043519705348675e+00 -8.505555781416869465e-02 -2.361221087522196171e+00 9.652453130269931236e-01 1.368544338764935864e+00 -1.583421595030679307e-01 6.741159698957220892e-01 8.860880092754404025e-01 -9.449854426106167882e-01 8.199729951323559973e-01 -3.250772394554187206e-01 3.881972921348476602e-01 6.874447382400890039e-01 1.054504546149444222e+00 -1.427836530944979643e+00 6.377047378281579249e-02 1.534390972263722341e+00 -4.438171684937786826e-02 -2.553699732716993687e+00 -5.947093644504597432e-01 1.401640310424750839e-02 9.917264409764204869e-01
-1.737778298688352319e+00 1.645815543106282919e-01 1.108945461906880814e+00 2.814263593647919892e-01 1.015340875227570133e-01 5.514950109852453375e-01 -1.382386362083480036e-01 1.708945618780282505e+00 -1.131250570022468649e+00 5.107729679637550424e-01 1.024602259419479688e+00 -1.616831063503960220e+00 -1.034870791672456297e-01 4.309324110493467641e-01 -1.789309043328764615e+00 -7.111830008393084379e-02 -2.422852167123009104e-01 1.727405556310540047e-01 -2.784588965780917524e-01 2.179728770488186029e+00 -3.538702651918853026e-01 -8.431131899769575555e-02 -5.790180462618571555e-01 9.505979599669730495e-01 1.490821232556145848e+00 -2.423855129685446586e-01 8.164844285106813704e-01 -6.526442692737258744e-01 -1.841503471618684884e+00 -1.107870689540718656e+00 1.211481618309209418e+00 8.379729733576410933e-01 -2.230508791022793591e-01 1.524603966463340329e-02 -1.152463631453020998e+00 -1.189855617316422309e+00
-5.536613742674694194e-01 -1.553289531127340029e+00 -1.090955281564255142e+00 -7.709329678542596875e-01 -1.888741457300123550e+00 -1.146186981595622489e+00 2.554339557414551543e+00 1.054993952254127176e+00 -1.142293609541786159e+00 1.871627665076472491e+00 -1.544286190776394285e+00 -2.710603508544789930e-01 4.440233144442718993e-01 2.010235702541137703e-01 -2.554408651167094924e+00 1.866571576896715878e-01 1.813041500702085251e+00 -5.961133832312287550e-01 -2.083455404011174128e+00 -1.515385972207339060e+00 -2.063096063152746407e+00 1.860944491874145512e-01 -3.755968240687028170e-01 3.368443383786809409e-01 -1.014449963029997237e+00 3.125440022371730464e-01 -2.253654418877543975e-01 9.381733266393927906e-01 -6.402842256609000415e-01 -6.783362546865548959e-01 -1.344420013215460896e+00 -2.474858661254377978e-01 1.825906821485747122e-01 -4.613201199961782240e-01 5.410999739865405278e-01 -2.862051232113281274e-01
2.138787894888988905e+00 -3.755054787266915994e-01 -4.522802922579450824e-01 1.892588261388709947e+00 5.161977780931209514e-01 -5.306481470645215692e-01 -1.047438605673349094e-01 -5.157204843824545470e-01 -2.127239085670150909e-01 -1.122320057684777828e+00 -1.160730692393366015e+00 -1.969947652783148762e+00 6.730016845824974281e-01 2.601668669932614808e+00 1.109128950604149955e+00 1.775471134343803659e+00 1.327247605122653829e+00 -9.605456681320663215e-01 -3.281127297533800169e-01 -1.239636972874982090e+00 1.883063951889170085e+00 4.489747735912978932e-01 -1.399173982592903931e+00 1.439710162250636749e+00 -1.446977815692783720e+00 -2.526977877876198431e+00 -1.260548017759367312e+00 3.364930126268455002e-01 6.789820300554672006e-01 6.566905009592072240e-01 1.439054024616326810e+00 -5.665868922227894622e-01 -4.340385004475644792e-01 -6.067351533300838762e-01 4.854113722957881238e-01 -7.626253524511118487e-01
2.790932986096506419e+00 -3.611300264550098005e-01 -4.517366870955471514e-01 4.687152624454787864e-01 1.965029466098063282e-01 1.639577178535775170e-01 1.000046328030375298e+00 -4.771989743629628244e-01 2.107517412082806629e+00 1.012199084655267312e+00 -7.457522849636167850e-01 -1.531591054130162499e+00 -7.718258778967440614e-01 -3.626550361828470570e-01 -6.837665374922596850e-01 -1.912935327830434518e-01 -4.139567207066166432e+00 1.867297641578690159e+00 -8.275379009293341026e-01 8.603589432591245423e-01 5.336029101797079566e-01 -5.543342603930412338e-01 8.573358443766967429e-01 5.482633300729614634e-01 -2.238668491145247685e+00 3.702655384516066461e-01 -1.359997000251530697e+00 -2.499415542131654122e-02 9.603725700384893038e-01 1.686994595923971163e+00 -1.522341613605615152e+00 -2.819511567567449806e-01 6.874653371905981025e-01 -1.107414613052813523e+00 -2.286313014253152254e+00 -4.120380220462218496e-02
7.015706732752318153e-01 6.326036658301116278e-01 1.030993342303523352e+00 -1.599272665641070235e-01 3.253808690506895918e+00 -1.967393041908302775e+00 1.139872870789574888e+00 -6.912953570522237245e-02 5.459364690213670546e-01 2.103549111227475121e-01 -1.502047965456173029e-01 1.248938552248060274e+00 1.827199587141001558e-01 -3.627348889400209830e-01 -2.384287091276410253e-01 -1.877850379549328208e+00 1.194033103952006680e+00 -2.827679401150127725e-01 -1.284523839930639566e+00 -1.247809356008733772e+00 -5.816897262891214115e-01 -2.604795008763147179e-01 -1.498203275476706064e+00 -8.502682255481430751e-01 1.707572737812571351e+00 5.170866387407734299e-01 3.408549505946918967e-01 -1.185671152100903125e+00 -5.125678860353537480e-01 -1.528143975426225154e+00 -1.769503150967481675e+00 1.519992377557553676e+00 1.973299092989170278e+00 -5.702789944905968245e-01 -1.581352108272039425e-01 -4.947625344625173338e-01
4.290094381144046731e-02 -1.041653813928516081e+00 6.509342289925202918e-01 6.970431335169355869e-01 3.658065990322862393e-01 4.906212832524423084e-01 -4.029543969684059035e-01 6.880813607612678018e-01 3.245700747980948542e-01 -3.690339292488934997e-01 -1.747953585692936906e+00 -9.559603395084472766e-01 -8.084919702147590481e-01 3.049586451713159008e+00 -8.238500611309556021e-01 -9.295829894955546235e-01 3.447995982822871230e-01 -3.926613306414536986e-01 2.197940189383675302e-01 -1.371926790855567235e+00 -1.572705361934513046e+00 6.245865122241472944e-01 -2.182475090946033536e+00 4.898293125954877869e-01 -2.119661396220897942e-01 -2.402358063180260128e+00 3.006561533396975294e-01 -3.828440402262197395e+00 -7.259072931510387461e-01 -1.214438715831567928e+00 2.632536597058578565e+00 -1.572088908890084014e+00 1.830486125387295937e+00 9.998392908792829159e-01 8.818770519022886001e-01 -7.836088368758581391e-01
-1.805904770341544285e+00 -3.049565926256462833e-01 -7.805317674319821597e-01 1.886733346217964291e+00 8.975978595156337558e-01 -4.401869873507845421e-01 2.712222177582598537e+00 -4.080508727747671038e+00 2.632913545651973108e-01 -1.204775249548516225e+00 -1.120477197870075159e+00 7.409570099562194923e-01 1.395197892607493717e-01 -1.762958103017975287e-01 2.440786292496733012e-01 -2.699893656593351787e-01 -5.203575555270213426e-01 5.285167164428224984e-01 1.198217134676448303e+00 -2.263329051650951218e+00 -8.454493423971017885e-01 3.474164217696025792e-01 -1.417010148068243769e+00 -1.874674994144789553e+00 -4.128208906755022056e-01 7.904835045443426855e-01 -1.480716014247431156e+00 4.712329239229487987e-01 -1.299541211983655797e+00 1.456548489559462922e+00 -1.738401011056849965e+00 -1.465037933579283802e+00 9.798783082931041832e-01 1.950162323238640791e-02 1.473461153957856595e+00 -6.013845251307428641e-02
-8.542064323581575191e-01 -6.099436107509811356e-01 -5.575902293789016806e-01 4.540869790325642863e-01 3.621305293928214764e-01 1.809195727361416761e+00 1.324665562248897421e+00 -1.474770040323464926e+00 -9.805892080378845188e-01 5.209750247322664229e-01 8.687231223723591578e-01 3.487632470785038130e+00 -3.753610497734752305e-01 -1.130968076228777708e+00 2.000873894676660658e+00 3.236753083222923544e-01 -5.753337100203068655e-01 -9.363019707489174115e-01 1.631167119561365064e+00 5.045194691718132285e-01 -2.610267224844973755e-01 -1.067022216458962253e-01 -1.302974571884615573e-01 -2.093383893727301270e+00 -5.093988946368785964e-01 9.660015254235833071e-01 -1.858385797074928458e-01 -1.270838412874626330e-02 -1.168923441533658236e+00 3.346394674553486714e-01 -2.222922186265360533e+00 -1.052226632519210892e+00 1.713885352670019513e+00 -9.229986192861401317e-01 3.851899422598022149e-02 6.590699115602294267e-01
-2.966937982101726767e+00 3.017596492559921906e-01 -1.440527748232640348e-01 1.158773685567818568e+00 2.320427834547016677e-01 -6.042624437559497297e-01 6.309969768066577833e-01 -1.065679545361302605e+00 1.201066410376641524e+00 -1.437574051695798216e+00 1.581357916520998996e-01 -1.508646736022075663e+00 1.019483468149553623e-01 -1.149264381083391795e+00 1.491415015089388341e+00 1.058157148715339391e+00 -4.983968388269024996e-01 7.172220446042687492e-01 -2.322107938049342291e-01 -1.349919807402391925e+00 2.577183936552668975e+00 -4.633015461027577553e-01 1.628532845028048959e+00 1.501718954846286980e-01 4.054769202580538190e-01 -5.618689119111365260e-01 2.062213733507579916e-01 -1.426208207473020240e+00 1.205138399651124681e+00 9.086195116238622305e-01 -1.982974067492442094e+00 -5.591147085783743781e-02 -2.621894477412132662e+00 1.587616151997415015e+00 -4.121091441455920767e-01 4.441568757240768606e-01
1.491732429181677366e+00 -5.052861576124900722e-01 -1.741080699174991864e+00 1.173717279921474343e+00 1.114303622709449826e+00 -4.501666548101542209e-01 5.865945195526283129e-01 -1.117645560551700085e-01 4.108567391607764185e-01 2.325419816195064826e-01 -4.540150139402659435e-01 -2.399366146154427448e-01 1.914170496995295789e-01 3.262363293289209043e+00 -5.453893104678091408e-01 -7.845804062791263134e-02 -6.906771278073764453e-02 1.855050011013121419e-02 1.091154149811391916e-01 1.086494237569506360e+00 -1.908865826407074362e+00 -1.077406060315161396e+00 -7.520338391453659233e-01 1.983100942865045457e+00 -1.711104718189242757e-01 -1.918854658562189341e-01 -1.025900310844179986e+00 2.071458665876158567e-01 -8.703996651287972119e-02 1.156298553235953097e+00 -1.363168787748379795e+00 -5.789882555094864186e-02 1.458966239916736685e+00 3.891036837842566931e-01 1.576933370009013347e+00 4.279921625328014789e-01
1.383616405201732735e-01 5.618878713581191287e-01 1.309789820159238394e+00 -8.455118403755998990e-01 2.256380290899052898e+00 -1.417448486546492692e+00 -2.147645861955311819e+00 -1.422637034132814282e+00 -6.461863236705767122e-01 -2.572485798367785126e-01 2.302232585866529568e+00 4.222720175493844819e-01 -7.911820159244595807e-01 9.415806402820545706e-01 -3.937145456885250971e-01 -5.048628314968758302e-01 -1.125697004704740323e+00 -1.970493066945611660e-01 4.608772402707564386e-02 3.136434738308769288e-01 6.508954377000834013e-01 -1.097804163724377613e+00 3.705402189630928583e-03 1.016119965096338396e+00 -1.121902558393675253e+00 -7.698449535354743301e-01 1.040306915632150719e+00 -2.480130399147952303e-01 -6.859932896242503242e-01 -1.841369572938967636e+00 1.279654582310154609e+00 2.894517796407381494e-01 -1.415923912867672829e+00 6.833850097243001631e-01 -1.757398784717424833e+00 -9.419753986599227469e-02
1.259926961296078618e+00 -6.319335870867400784e-01 -1.732372956596080371e+00 -1.432192676061555092e+00 -2.081181423508379202e-01 -2.999059779911761869e-01 -9.489698196787309525e-01 -9.626988758446859418e-01 -1.687479833327739931e-01 -2.950968269541425215e-01 1.355174793202868211e-01 -9.710698738706321498e-01 -6.532198062446307185e-01 -1.563070147803063692e-01 -5.095563760858825564e-01 1.533320984887068805e-01 -2.865409301562567013e-01 -2.666856161928682578e+00 6.157634367482034410e-01 1.004670043093317533e+00 -5.497379656070547904e-01 1.456311828104759565e+00 -1.200348741981139139e-01 -5.472779959605094113e-01 3.847435191072380301e-01 3.865620776995999375e-01 2.783448705944652435e+00 -7.633223223011195158e-01 -2.329731657026477276e-01 -9.308239598920500235e-01 1.423631596918852216e+00 -4.001980195607485746e-01 1.691741470132118175e-01 -3.128274071650602450e-01 1.192324600751417218e+00 -2.596973552918713235e-01
5.121694767218106792e-01 8.229364768022192633e-01 1.456758865305611605e+00 2.851926884362092074e-01 5.916811544394861011e-01 -6.093491568506855804e-01 -1.123903590486324822e+00 -6.100163693208854321e-01 -2.404820545915632990e-01 1.106944208363809468e+00 -3.438513343730962291e-01 1.942552110611099225e+00 8.544398917737138222e-01 1.494536121469485668e+00 -3.703874516096308245e-01 7.990548058642509277e-01 -6.840412300504153942e-01 7.071313532519980516e-01 1.713647539357763927e+00 3.314872460520909003e-01 1.166895285572750796e+00 -1.276755375756398470e-01 -6.176124114590304803e-02 1.656526677013347104e+00 7.302167982699192539e-01 -1.234624017343549651e+00 5.312054137486413308e-02 5.828213996796962615e-01 -1.537536944226457203e-01 -1.259639330527404510e+00 -2.180121359405427395e+00 1.126751892019614676e+00 1.798873184411232007e+00 -1.154646251677122065e-01 -5.318347222894604931e-01 7.278377689729941258e-01

# Layer 3 weights: shape (1, 21)
1.347220694533249219e+00 1.871610201694771103e+00 8.056585842288019883e-01 1.496993462536235775e+00 -9.807296910540677093e-01 -8.201945531817580459e-01 1.005094512155362052e+00 8.462240024496928692e-01 -4.050934523602185422e-01 -1.654700290878651892e+00 -1.356443165884835933e+00 1.158230326312121639e+00 8.847362597618682045e-01 -7.795090567550875260e-01 -5.553955689869621848e-01 -1.700338547156877045e+00 -1.341171353793660259e+00 1.259246573771851674e+00 1.102148237153218746e+00 -1.155472003830704031e+00 5.021995369197172071e-02

